,chrom,window,start,end,step,b6_bp,d2_bp,crossovers,b6_muts,d2_muts,b6_muts_per_bp,d2_muts_per_bp
0,chr1,0,3007757,22241721,19233964,1466186531,1418908069,76,153,145,1.0435234314671248e-07,1.0219125760711986e-07
1,chr1,1,22241722,41475686,19233964,1393062772,1492031828,94,177,168,1.2705816533011192e-07,1.1259813420012377e-07
2,chr1,2,41475687,60709651,19233964,1368928761,1516165839,77,155,156,1.1322722147116902e-07,1.0289111915546858e-07
3,chr1,3,60709652,79943616,19233964,1384490408,1500604192,74,199,203,1.4373519588876777e-07,1.352788437365634e-07
4,chr1,4,79943617,99177581,19233964,1561629423,1323465177,66,205,140,1.312731413616558e-07,1.057829117327807e-07
5,chr1,5,99177582,118411546,19233964,1623133363,1261961237,57,199,144,1.2260237176826486e-07,1.141081007704518e-07
6,chr1,6,118411547,137645511,19233964,1588229417,1296865183,81,188,166,1.1837080839058656e-07,1.2800096893340685e-07
7,chr1,7,137645512,156879476,19233964,1785054290,1100040310,131,209,130,1.1708327369695854e-07,1.1817748751407118e-07
8,chr1,8,156879477,176113441,19233964,1671792482,1213302118,123,196,147,1.1723943139493075e-07,1.2115696314971734e-07
9,chr1,9,176113442,195347406,19233964,1714785559,1170309041,129,217,190,1.2654643541933397e-07,1.6235027957884503e-07
10,chr2,0,3190739,21071703,17880964,1612048286,1070096314,56,183,131,1.1352017280703216e-07,1.2241888724046198e-07
11,chr2,1,21071704,38952669,17880965,1464884961,1217259789,58,169,163,1.1536742099163376e-07,1.3390732321315512e-07
12,chr2,2,38952670,56833634,17880964,1270855554,1411289046,60,178,150,1.400631247506827e-07,1.0628581042639227e-07
13,chr2,3,56833635,74714600,17880965,1281512843,1400631907,93,200,200,1.5606554479142275e-07,1.4279269164185906e-07
14,chr2,4,74714601,92595566,17880965,1180242229,1501902521,51,163,195,1.3810724272940753e-07,1.2983532371339564e-07
15,chr2,5,92595567,110476531,17880964,1317257504,1364887096,69,181,179,1.3740669493274718e-07,1.3114637871849291e-07
16,chr2,6,110476532,128357497,17880965,1623937057,1058207693,60,186,160,1.1453645890907211e-07,1.5119905199933186e-07
17,chr2,7,128357498,146238462,17880964,1396038003,1286106597,66,166,204,1.1890793778054478e-07,1.5861826731614222e-07
18,chr2,8,146238463,164119428,17880965,1233754582,1448390168,107,116,181,9.402194058072402e-08,1.2496632744333845e-07
19,chr2,9,164119429,182000394,17880965,1289283151,1392861599,170,147,143,1.1401684718053063e-07,1.0266633820809357e-07
20,chr3,0,3028385,18711098,15682713,1057735042,1294671908,57,97,112,9.170538570471224e-08,8.650840364105591e-08
21,chr3,1,18711099,34393813,15682714,1081893991,1270513109,43,121,141,1.1184090216469278e-07,1.1097878408431283e-07
22,chr3,2,34393814,50076528,15682714,1227075394,1125331706,69,173,156,1.4098563205318417e-07,1.3862579288244102e-07
23,chr3,3,50076529,65759243,15682714,1249412466,1102994634,85,185,105,1.4806959673795987e-07,9.519538605479743e-08
24,chr3,4,65759244,81441958,15682714,1304085898,1048321202,46,212,111,1.6256597845673507e-07,1.0588357822796377e-07
25,chr3,5,81441959,97124673,15682714,1239830611,1112576489,161,182,96,1.46794246234335e-07,8.628620229633489e-08
26,chr3,6,97124674,112807388,15682714,1275064327,1077342773,58,169,113,1.3254233250931504e-07,1.0488769482839423e-07
27,chr3,7,112807389,128490103,15682714,1408753628,943653472,83,170,130,1.2067404592337988e-07,1.377624348951688e-07
28,chr3,8,128490104,144172818,15682714,1368285970,984121130,96,178,108,1.3008976478798508e-07,1.0974258829296755e-07
29,chr3,9,144172819,159855533,15682714,1275790317,1076616783,87,198,197,1.55197917213852e-07,1.8298061400367376e-07
30,chr4,0,3060736,18390461,15329725,997329362,1302129388,50,103,126,1.0327581230883284e-07,9.676457743844423e-08
31,chr4,1,18390462,33720187,15329725,1078149906,1221308844,58,137,127,1.2706952830731871e-07,1.0398680122879713e-07
32,chr4,2,33720188,49049913,15329725,1173952791,1125505959,64,151,127,1.2862527450646013e-07,1.1283814091294385e-07
33,chr4,3,49049914,64379639,15329725,1116106939,1183351811,41,144,117,1.2901989492962018e-07,9.887169556205631e-08
34,chr4,4,64379640,79709365,15329725,1194386001,1105072749,25,177,134,1.4819329752007032e-07,1.2125898509510707e-07
35,chr4,5,79709366,95039091,15329725,1179278672,1120180078,38,150,149,1.271963985794869e-07,1.3301432771954726e-07
36,chr4,6,95039092,110368817,15329725,1030624060,1268834690,68,122,188,1.1837488055537923e-07,1.481674496147327e-07
37,chr4,7,110368818,125698543,15329725,923260556,1376198194,146,82,150,8.881566472985985e-08,1.0899592853266017e-07
38,chr4,8,125698544,141028269,15329725,1325765021,973693729,134,170,126,1.2822785132147486e-07,1.2940414038550308e-07
39,chr4,9,141028270,156357996,15329726,1467968637,831490263,148,149,101,1.0150080611020575e-07,1.2146865031899958e-07
40,chr5,0,3919963,18659710,14739747,1020518932,1190443118,54,89,144,8.721053300361507e-08,1.2096336046860158e-07
41,chr5,1,18659711,33399459,14739748,1212358360,998603840,69,116,149,9.568128024456399e-08,1.4920831868621695e-07
42,chr5,2,33399460,48139207,14739747,1116808170,1094153880,66,145,163,1.2983429374446642e-07,1.4897356119598094e-07
43,chr5,3,48139208,62878956,14739748,973738247,1237223953,71,163,188,1.6739611543675967e-07,1.519530878335654e-07
44,chr5,4,62878957,77618704,14739747,922305741,1288656309,62,108,182,1.1709782905926853e-07,1.4123238192286692e-07
45,chr5,5,77618705,92358453,14739748,950021313,1260940887,21,113,203,1.1894469992801098e-07,1.609908934612888e-07
46,chr5,6,92358454,107098201,14739747,1067958624,1143003426,60,104,107,9.738204988735593e-08,9.361301774435801e-08
47,chr5,7,107098202,121837950,14739748,1083285972,1127676228,70,146,142,1.3477512288878787e-07,1.259226686474054e-07
48,chr5,8,121837951,136577698,14739747,1080781941,1130180109,89,115,135,1.0640444259606666e-07,1.1944998759485335e-07
49,chr5,9,136577699,151317447,14739748,1020601380,1190360820,78,106,167,1.0386033379653083e-07,1.402935960207427e-07
50,chr6,0,3050376,17702237,14651861,1303396188,894382962,63,144,105,1.1048060545655056e-07,1.1739937416204939e-07
51,chr6,1,17702238,32354099,14651861,1220986203,976792947,51,115,154,9.418615846554328e-08,1.5765879603551233e-07
52,chr6,2,32354100,47005962,14651862,1067356532,1130422768,80,150,120,1.4053410974019317e-07,1.0615497440157717e-07
53,chr6,3,47005963,61657824,14651861,1318936977,878842173,63,158,72,1.1979344180597644e-07,8.192597284472828e-08
54,chr6,4,61657825,76309687,14651862,1380419829,817359471,32,123,85,8.910332741967589e-08,1.0399341173107909e-07
55,chr6,5,76309688,90961549,14651861,1268889035,928890115,52,169,114,1.3318737520653254e-07,1.2272711073042262e-07
56,chr6,6,90961550,105613411,14651861,1134633510,1063145640,79,172,145,1.5159079868882067e-07,1.3638771071854276e-07
57,chr6,7,105613412,120265274,14651862,1178242488,1019536812,48,174,115,1.4767758061021476e-07,1.1279631951141358e-07
58,chr6,8,120265275,134917136,14651861,1101425410,1096353740,82,116,94,1.0531807142528154e-07,8.573875070650099e-08
59,chr6,9,134917137,149568999,14651862,1046383843,1151395457,83,136,161,1.2997142579159644e-07,1.3983032416984775e-07
60,chr7,0,3130543,17351530,14220987,1402971353,730176697,41,69,38,4.918133207243042e-08,5.204219767095635e-08
61,chr7,1,17351531,31572519,14220988,1449663425,683484775,71,112,45,7.725931279531317e-08,6.583906715405621e-08
62,chr7,2,31572520,45793508,14220988,1268140410,865007790,92,110,75,8.67411834940265e-08,8.670442147116386e-08
63,chr7,3,45793509,60014497,14220988,1253429888,879718312,50,156,96,1.244584970356156e-07,1.0912584027238027e-07
64,chr7,4,60014498,74235486,14220988,1254077239,879070961,105,165,98,1.3157084338088366e-07,1.1148133011755806e-07
65,chr7,5,74235487,88456475,14220988,1344027339,789120861,53,174,100,1.294616522677743e-07,1.2672330050085952e-07
66,chr7,6,88456476,102677464,14220988,1152286646,980861554,46,163,139,1.4145785735331693e-07,1.4171215033676403e-07
67,chr7,7,102677465,116898453,14220988,1057967318,1075180882,123,131,105,1.238223504367268e-07,9.765798644474037e-08
68,chr7,8,116898454,131119442,14220988,856998608,1276149592,66,141,140,1.6452768847437848e-07,1.0970500706001872e-07
69,chr7,9,131119443,145340431,14220988,831874566,1301273634,94,117,191,1.4064620410572813e-07,1.467792745580212e-07
70,chr8,0,6264950,18567903,12302953,856967044,988475906,59,139,155,1.6219993636067993e-07,1.568070592911346e-07
71,chr8,1,18567904,30870858,12302954,883392983,962050117,54,89,94,1.0074791368362046e-07,9.770800745092576e-08
72,chr8,2,30870859,43173813,12302954,999675618,845767482,108,121,106,1.2103926295819692e-07,1.2532995445667892e-07
73,chr8,3,43173814,55476767,12302953,912100010,933342940,35,128,137,1.4033548799105924e-07,1.4678420345687728e-07
74,chr8,4,55476768,67779722,12302954,886559774,958883326,29,100,132,1.1279555302720062e-07,1.3766012654599022e-07
75,chr8,5,67779723,80082677,12302954,863573254,981869846,43,91,99,1.0537612134059909e-07,1.0082802766915809e-07
76,chr8,6,80082678,92385631,12302953,882062014,963380936,88,110,122,1.24707785001611e-07,1.2663734089087269e-07
77,chr8,7,92385632,104688586,12302954,808541024,1036902076,65,113,131,1.3975790546899944e-07,1.2633787030820835e-07
78,chr8,8,104688587,116991541,12302954,902952086,942491014,62,109,138,1.207151538714093e-07,1.464204941480747e-07
79,chr8,9,116991542,129294496,12302954,839675844,1005767256,69,104,186,1.2385732034944666e-07,1.84933441499909e-07
80,chr9,0,4358779,16370575,12011796,908389767,893379633,36,96,99,1.0568150752847483e-07,1.1081515219633399e-07
81,chr9,1,16370576,28382372,12011796,958888153,842881247,27,101,109,1.0533032417181194e-07,1.293183356350079e-07
82,chr9,2,28382373,40394170,12011797,764419310,1037350240,49,84,135,1.0988733395549623e-07,1.301392671389366e-07
83,chr9,3,40394171,52405967,12011796,737619597,1064149803,65,122,174,1.6539690715402727e-07,1.6351081352406172e-07
84,chr9,4,52405968,64417765,12011797,769709854,1032059696,34,95,138,1.2342313081521236e-07,1.3371319559794146e-07
85,chr9,5,64417766,76429562,12011796,870914065,930855335,56,106,136,1.2171120465255087e-07,1.4610218675923473e-07
86,chr9,6,76429563,88441359,12011796,867347829,934421571,47,121,120,1.39505739167533e-07,1.2842169286779018e-07
87,chr9,7,88441360,100453157,12011797,896770118,904999432,44,132,113,1.4719491355754564e-07,1.248619568194381e-07
88,chr9,8,100453158,112464954,12011796,890995388,910774012,98,129,101,1.4478189420212802e-07,1.1089468811062211e-07
89,chr9,9,112464955,124476752,12011797,933264195,868505355,93,123,103,1.317954772710422e-07,1.1859454798640822e-07
90,chr10,0,3101362,15734193,12632831,973878931,921045719,40,107,98,1.0986991975494334e-07,1.0640079854711316e-07
91,chr10,1,15734194,28367025,12632831,947354193,947570457,65,134,104,1.4144656875973736e-07,1.0975437154221029e-07
92,chr10,2,28367026,40999857,12632831,1195174142,699750508,32,115,77,9.622028787165645e-08,1.1003921986434628e-07
93,chr10,3,40999858,53632689,12632831,1219215625,675709025,24,147,74,1.2056932095173895e-07,1.0951459468814998e-07
94,chr10,4,53632690,66265521,12632831,1069287818,825636832,38,151,99,1.4121548703550273e-07,1.1990744133856664e-07
95,chr10,5,66265522,78898353,12632831,964211640,930713010,61,129,131,1.3378805507886215e-07,1.4075230344099304e-07
96,chr10,6,78898354,91531185,12632831,1091286503,803638147,46,119,110,1.0904560779672724e-07,1.3687752430696896e-07
97,chr10,7,91531186,104164017,12632831,1187839422,707085228,49,177,102,1.4901004018033003e-07,1.4425418034613502e-07
98,chr10,8,104164018,116796849,12632831,1343671636,551253014,78,163,82,1.213094000296364e-07,1.4875202115448206e-07
99,chr10,9,116796850,129429682,12632832,1201878251,693046549,83,152,105,1.2646871667203503e-07,1.5150497488445035e-07
100,chr11,0,3497110,15302197,11805087,811222035,959541015,41,0,0,0.0,0.0
101,chr11,1,15302198,27107285,11805087,870727602,900035448,44,0,0,0.0,0.0
102,chr11,2,27107286,38912373,11805087,896862555,873900495,70,0,0,0.0,0.0
103,chr11,3,38912374,50717461,11805087,943862121,826900929,54,0,0,0.0,0.0
104,chr11,4,50717462,62522549,11805087,855260555,915502495,54,0,0,0.0,0.0
105,chr11,5,62522550,74327637,11805087,765796672,1004966378,81,0,0,0.0,0.0
106,chr11,6,74327638,86132725,11805087,766786091,1003976959,56,0,0,0.0,0.0
107,chr11,7,86132726,97937813,11805087,698483978,1072279072,73,0,0,0.0,0.0
108,chr11,8,97937814,109742901,11805087,748483524,1022279526,88,0,0,0.0,0.0
109,chr11,9,109742902,121547989,11805087,823497841,947265209,72,0,0,0.0,0.0
110,chr12,0,3828703,15448404,11619701,968015735,774939415,44,0,0,0.0,0.0
111,chr12,1,15448405,27068106,11619701,940881273,802073877,30,0,0,0.0,0.0
112,chr12,2,27068107,38687808,11619701,977282272,765672878,59,0,0,0.0,0.0
113,chr12,3,38687809,50307511,11619702,868802475,874152825,28,0,0,0.0,0.0
114,chr12,4,50307512,61927213,11619701,723515893,1019439257,40,1,0,1.3821396456870921e-09,0.0
115,chr12,5,61927214,73546915,11619701,779082749,963872401,28,0,0,0.0,0.0
116,chr12,6,73546916,85166618,11619702,789376625,953578675,67,0,0,0.0,0.0
117,chr12,7,85166619,96786320,11619701,816965177,925989973,38,0,0,0.0,0.0
118,chr12,8,96786321,108406022,11619701,892667716,850287434,93,0,0,0.0,0.0
119,chr12,9,108406023,120025725,11619702,964215000,778740300,60,0,0,0.0,0.0
120,chr13,0,3560093,15186376,11626283,995698408,748244042,11,115,73,1.1549682019778824e-07,9.756175245295171e-08
121,chr13,1,15186377,26812661,11626284,901596450,842346150,26,130,85,1.4418867776154177e-07,1.0090863476968465e-07
122,chr13,2,26812662,38438946,11626284,902446695,841495905,35,132,96,1.4626902700330683e-07,1.1408255159601757e-07
123,chr13,3,38438947,50065231,11626284,947494141,796448459,66,137,97,1.445919231283141e-07,1.217906807451052e-07
124,chr13,4,50065232,61691516,11626284,881081077,862861523,66,110,105,1.2484662634514848e-07,1.2168812399344873e-07
125,chr13,5,61691517,73317800,11626283,887634674,856307776,44,95,94,1.0702601282112601e-07,1.0977361485504015e-07
126,chr13,6,73317801,84944085,11626284,919110751,824831849,48,99,87,1.077128081597209e-07,1.0547604351781039e-07
127,chr13,7,84944086,96570370,11626284,952981642,790960958,33,98,85,1.0283513939925403e-07,1.0746421696328531e-07
128,chr13,8,96570371,108196655,11626284,934930968,809011632,84,88,106,9.41245963734084e-08,1.3102407407660116e-07
129,chr13,9,108196656,119822940,11626284,831154308,912788292,95,117,141,1.407680846671374e-07,1.5447174469236071e-07
130,chr14,0,7782641,19467305,11684664,995044198,757655402,16,88,84,8.843828261787422e-08,1.1086834434000379e-07
131,chr14,1,19467306,31151971,11684665,995755568,756944182,53,133,100,1.3356691569110062e-07,1.3211013754776438e-07
132,chr14,2,31151972,42836636,11684664,711294591,1041405009,42,85,106,1.1950041667053813e-07,1.0178556765516768e-07
133,chr14,3,42836637,54521302,11684665,655518572,1097181178,204,51,80,7.78009993590235e-08,7.291411993215946e-08
134,chr14,4,54521303,66205968,11684665,752663021,1000036729,38,90,159,1.1957542417910285e-07,1.589941603034862e-07
135,chr14,5,66205969,77890633,11684664,783284054,969415546,49,123,123,1.5703115539231954e-07,1.2688057304993952e-07
136,chr14,6,77890634,89575299,11684665,779289595,973410155,46,119,124,1.5270318090157486e-07,1.2738720606423097e-07
137,chr14,7,89575300,101259964,11684664,835478472,917221128,96,123,137,1.4722102857486913e-07,1.4936419999256712e-07
138,chr14,8,101259965,112944630,11684665,834044647,918655103,74,109,122,1.3068844742552494e-07,1.3280283275147712e-07
139,chr14,9,112944631,124629296,11684665,791942893,960756857,64,101,147,1.2753444837088777e-07,1.530043724684028e-07
140,chr15,0,3174285,13249940,10075655,875614129,635734121,33,109,60,1.2448405797709553e-07,9.437907769622452e-08
141,chr15,1,13249941,23325596,10075655,892743823,618604427,24,124,61,1.3889762864256748e-07,9.860905828919972e-08
142,chr15,2,23325597,33401252,10075655,759248715,752099535,51,107,75,1.409287864254074e-07,9.972084346522034e-08
143,chr15,3,33401253,43476908,10075655,696885582,814462668,28,91,93,1.305809767779067e-07,1.1418571243832628e-07
144,chr15,4,43476909,53552564,10075655,687112893,824235357,23,107,87,1.557240463540538e-07,1.0555237561836358e-07
145,chr15,5,53552565,63628220,10075655,657309190,854039060,39,124,88,1.8864790251905652e-07,1.0303978368389849e-07
146,chr15,6,63628221,73703876,10075655,615825720,895522530,57,100,97,1.6238360424439563e-07,1.0831664949847773e-07
147,chr15,7,73703877,83779532,10075655,624592399,886755851,50,92,111,1.4729606083470767e-07,1.251753793051657e-07
148,chr15,8,83779533,93855188,10075655,680757501,830590749,66,96,124,1.410193789403431e-07,1.4929133288480678e-07
149,chr15,9,93855189,103930845,10075656,790487779,720860621,84,98,123,1.2397408613195017e-07,1.7062937885186546e-07
150,chr16,0,4086421,13477265,9390844,637954632,770671968,44,82,92,1.2853578591149723e-07,1.1937634145271e-07
151,chr16,1,13477266,22868111,9390845,628239370,780387380,20,63,64,1.0028024827543043e-07,8.201055224650096e-08
152,chr16,2,22868112,32258956,9390844,692149444,716477156,64,116,86,1.6759386431003187e-07,1.2003174041183248e-07
153,chr16,3,32258957,41649802,9390845,730183922,678442828,41,115,93,1.574945661430217e-07,1.370786102554245e-07
154,chr16,4,41649803,51040647,9390844,661020604,747605996,29,113,90,1.70947772756566e-07,1.2038426722302533e-07
155,chr16,5,51040648,60431493,9390845,674585689,734041061,25,80,83,1.1859130916131842e-07,1.13072693626876e-07
156,chr16,6,60431494,69822338,9390844,694092411,714534189,48,115,117,1.656839898801314e-07,1.6374303959302918e-07
157,chr16,7,69822339,79213184,9390845,716541901,692084849,53,100,114,1.3955917980573196e-07,1.647196874266496e-07
158,chr16,8,79213185,88604029,9390844,716462077,692164523,59,97,120,1.3538748681041495e-07,1.7336918610028212e-07
159,chr16,9,88604030,97994875,9390845,716771588,691855162,83,131,85,1.8276394069347514e-07,1.2285808456539347e-07
160,chr17,0,3134096,12297797,9163701,692057949,682497201,51,97,84,1.4016167307977847e-07,1.230774278296271e-07
161,chr17,1,12297798,21461500,9163702,634816810,739738490,3,53,56,8.348865241927037e-08,7.570242830003343e-08
162,chr17,2,21461501,30625202,9163701,669136444,705418706,39,84,88,1.255349349945136e-07,1.2474860568837822e-07
163,chr17,3,30625203,39788905,9163702,728808387,645746913,123,57,44,7.820985737366384e-08,6.813814996898018e-08
164,chr17,4,39788906,48952607,9163701,706046822,668508328,59,53,70,7.5065843154521e-08,1.0471073742554782e-07
165,chr17,5,48952608,58116310,9163702,717022933,657532367,55,80,91,1.1157244255115059e-07,1.3839622894183703e-07
166,chr17,6,58116311,67280012,9163701,758560776,615994374,41,118,88,1.5555774004323156e-07,1.4285844760004254e-07
167,chr17,7,67280013,76443715,9163702,698257868,676297432,65,102,110,1.460778383953706e-07,1.6265032927110093e-07
168,chr17,8,76443716,85607417,9163701,683883715,690671435,67,94,97,1.3745026813513171e-07,1.4044304583119178e-07
169,chr17,9,85607418,94771120,9163702,708876042,665679258,54,87,88,1.227294969012368e-07,1.3219579691335372e-07
170,chr18,0,3172236,11865391,8693155,622730695,681242555,23,71,60,1.1401397196263146e-07,8.807435701077129e-08
171,chr18,1,11865392,20558548,8693156,619743418,684229982,27,70,92,1.1294996924033487e-07,1.3445771512538017e-07
172,chr18,2,20558549,29251705,8693156,574551308,729422092,37,97,100,1.6882739391483553e-07,1.3709483315183166e-07
173,chr18,3,29251706,37944861,8693155,511060789,792912461,20,69,86,1.3501329290985774e-07,1.0846090108300113e-07
174,chr18,4,37944862,46638018,8693156,551421714,752551686,49,70,104,1.2694458383262e-07,1.381964879419591e-07
175,chr18,5,46638019,55331175,8693156,555632693,748340707,40,66,117,1.1878350721885979e-07,1.5634589820596248e-07
176,chr18,6,55331176,64024331,8693155,522919306,781053944,74,66,97,1.262145023959012e-07,1.2419116598174427e-07
177,chr18,7,64024332,72717488,8693156,701292495,602680905,83,87,108,1.2405665342247817e-07,1.7919930614028662e-07
178,chr18,8,72717489,81410645,8693156,717726401,586246999,70,99,91,1.3793556968513967e-07,1.5522467518848656e-07
179,chr18,9,81410646,90103802,8693156,590986577,712986823,64,78,104,1.3198269306884781e-07,1.4586524833994022e-07
180,chr19,0,3334243,9128981,5794738,516663628,352547072,21,54,35,1.0451674372557148e-07,9.927752286083374e-08
181,chr19,1,9128982,14923721,5794739,463046904,406163946,34,51,33,1.1014003022035106e-07,8.124797960279812e-08
182,chr19,2,14923722,20718461,5794739,484461055,384749795,44,70,38,1.444904585777282e-07,9.876548472235054e-08
183,chr19,3,20718462,26513201,5794739,479561878,389648972,39,72,41,1.501370382071946e-07,1.0522291330464488e-07
184,chr19,4,26513202,32307941,5794739,479746740,389464110,59,64,41,1.3340372047134703e-07,1.052728581331923e-07
185,chr19,5,32307942,38102680,5794738,490867821,378342879,70,54,42,1.1000924829415534e-07,1.1101041497334485e-07
186,chr19,6,38102681,43897420,5794739,543832213,325378637,31,62,42,1.1400575125548879e-07,1.2908038581524945e-07
187,chr19,7,43897421,49692160,5794739,502969030,366241820,59,57,48,1.133270571351083e-07,1.3106094765474898e-07
188,chr19,8,49692161,55486900,5794739,501005076,368205774,59,65,45,1.2973920447863886e-07,1.2221427032809105e-07
189,chr19,9,55486901,61281640,5794739,447263371,421947479,57,58,52,1.2967750940642086e-07,1.2323808670035922e-07
190,chrX,0,8162950,24433240,16270290,1737648131,702895369,34,89,40,5.1218654923411535e-08,5.6907474090926896e-08
191,chrX,1,24433241,40703532,16270291,1784148859,656394791,10,33,21,1.8496214502245186e-08,3.199294127244224e-08
192,chrX,2,40703533,56973824,16270291,1674517904,766025746,37,107,59,6.389898832637384e-08,7.702090994732702e-08
193,chrX,3,56973825,73244116,16270291,1545151428,895392222,45,114,64,7.377917654812535e-08,7.147705600685908e-08
194,chrX,4,73244117,89514408,16270291,1586509136,854034514,12,121,54,7.6268076403942e-08,6.322929473550527e-08
195,chrX,5,89514409,105784699,16270290,1516825330,923718170,32,101,52,6.658644077363871e-08,5.6294226625421904e-08
196,chrX,6,105784700,122054991,16270291,1446519997,994023653,19,84,53,5.807040357147583e-08,5.3318650758504634e-08
197,chrX,7,122054992,138325283,16270291,1394151325,1046392325,38,78,42,5.5948015542717356e-08,4.013790907726698e-08
198,chrX,8,138325284,154595575,16270291,1475671537,964872113,50,71,64,4.8113688053061634e-08,6.633003393683946e-08
199,chrX,9,154595576,170865867,16270291,1619636089,820907561,91,110,57,6.791649108530083e-08,6.943534535187453e-08
200,chrY,0,817698,9816962,8999264,141305148,1208584452,2,4,11,2.830753200867105e-08,9.101556768992756e-09
201,chrY,1,9816963,18816227,8999264,134988960,1214900640,0,0,0,0.0,0.0
202,chrY,2,18816228,27815492,8999264,134988960,1214900640,0,0,0,0.0,0.0
203,chrY,3,27815493,36814757,8999264,134988960,1214900640,0,0,0,0.0,0.0
204,chrY,4,36814758,45814022,8999264,134988960,1214900640,0,0,0,0.0,0.0
205,chrY,5,45814023,54813287,8999264,134988960,1214900640,0,0,0,0.0,0.0
206,chrY,6,54813288,63812552,8999264,134988960,1214900640,0,0,0,0.0,0.0
207,chrY,7,63812553,72811817,8999264,134988960,1214900640,0,0,0,0.0,0.0
208,chrY,8,72811818,81811082,8999264,134988960,1214900640,0,0,0,0.0,0.0
209,chrY,9,81811083,90810348,8999265,137591395,1212298355,87,0,0,0.0,0.0
